   3   1   1 E -2.4701762782181E+03 DE-1.1E-07( 30)
  0.708560514242E+01  0.359652409206E-04  0.359652409206E-04
  0.359652409206E-04  0.708560514242E+01  0.359652409206E-04
  0.359652409206E-04  0.359652409206E-04  0.708560514242E+01
    6
  0.100000000000E+01  0.000000000000E+00  0.000000000000E+00
  0.000000000000E+00  0.100000000000E+01  0.000000000000E+00
  0.000000000000E+00  0.000000000000E+00  0.100000000000E+01
  0.000000000000E+00  0.000000000000E+00  0.000000000000E+00
  0.000000000000E+00  0.000000000000E+00  0.100000000000E+01
  0.100000000000E+01  0.000000000000E+00  0.000000000000E+00
  0.000000000000E+00  0.100000000000E+01  0.000000000000E+00
  0.000000000000E+00  0.000000000000E+00  0.000000000000E+00
  0.000000000000E+00  0.100000000000E+01  0.000000000000E+00
  0.000000000000E+00  0.000000000000E+00  0.100000000000E+01
  0.100000000000E+01  0.000000000000E+00  0.000000000000E+00
  0.000000000000E+00  0.000000000000E+00  0.000000000000E+00
  0.000000000000E+00  0.000000000000E+00  0.100000000000E+01
  0.000000000000E+00  0.100000000000E+01  0.000000000000E+00
  0.100000000000E+01  0.000000000000E+00  0.000000000000E+00
  0.000000000000E+00  0.000000000000E+00  0.000000000000E+00
  0.000000000000E+00  0.100000000000E+01  0.000000000000E+00
  0.100000000000E+01  0.000000000000E+00  0.000000000000E+00
  0.000000000000E+00  0.000000000000E+00  0.100000000000E+01
  0.000000000000E+00  0.000000000000E+00  0.000000000000E+00
  0.100000000000E+01  0.000000000000E+00  0.000000000000E+00
  0.000000000000E+00  0.000000000000E+00  0.100000000000E+01
  0.000000000000E+00  0.100000000000E+01  0.000000000000E+00
  0.000000000000E+00  0.000000000000E+00  0.000000000000E+00
   64
    7      0.885799183120      0.885799183120      0.885799183120
    6      0.885685483429      0.885685483429     -2.657035024312
    6      0.885685483429     -2.657035024312      0.885685483429
    6      0.885654448273     -2.657126645025     -2.657126645025
    6     -2.657035024312      0.885685483429      0.885685483429
    6     -2.657126645025      0.885654448273     -2.657126645025
    6     -2.657126645025     -2.657126645025      0.885654448273
    7     -2.657068171401     -2.657068171401     -2.657068171401
    6     -0.885079240088     -0.885079240088      0.887547035486
    6     -0.886311914379     -0.886311914379     -2.655230956389
    6     -0.885081951317      2.656468588947      0.883822180104
    6     -0.886322562811      2.657669564339     -2.658985029266
    6      2.656468588947     -0.885081951317      0.883822180104
    6      2.657669564339     -0.886322562811     -2.658985029266
    6      2.656502396038      2.656502396038      0.887598796607
    6      2.657700571398      2.657700571398     -2.655249112100
    6     -0.885079240088      0.887547035486     -0.885079240088
    6     -0.885081951317      0.883822180104      2.656468588947
    6     -0.886311914379     -2.655230956389     -0.886311914379
    6     -0.886322562811     -2.658985029266      2.657669564339
    6      2.656468588947      0.883822180104     -0.885081951317
    6      2.656502396038      0.887598796607      2.656502396038
    6      2.657669564339     -2.658985029266     -0.886322562811
    6      2.657700571398     -2.655249112100      2.657700571398
    6      0.887547035486     -0.885079240088     -0.885079240088
    6      0.883822180104     -0.885081951317      2.656468588947
    6      0.883822180104      2.656468588947     -0.885081951317
    6      0.887598796607      2.656502396038      2.656502396038
    6     -2.655230956389     -0.886311914379     -0.886311914379
    6     -2.658985029266     -0.886322562811      2.657669564339
    6     -2.658985029266      2.657669564339     -0.886322562811
    6     -2.655249112100      2.657700571398      2.657700571398
    6     -0.017584122799     -0.017584122799     -0.017584122799
    6     -0.001257804732     -0.001257804732      3.540024818733
    6     -0.001257804732      3.540024818733     -0.001257804732
    6     -0.002771063242      3.541511072144      3.541511072144
    6      3.540024818733     -0.001257804732     -0.001257804732
    6      3.541511072144     -0.002771063242      3.541511072144
    6      3.541511072144      3.541511072144     -0.002771063242
    6      3.525313894274      3.525313894274      3.525313894274
    6     -1.770092290846     -1.770092290846     -0.002837477322
    6     -1.753730395436     -1.753730395436      3.525177266746
    6     -1.768630224742      1.772644858194     -0.001280973404
    6     -1.770082707609      1.774206853207      3.541477155104
    6      1.772644858194     -1.768630224742     -0.001280973404
    6      1.774206853207     -1.770082707609      3.541477155104
    6      1.789087613404      1.789087613404     -0.017648072512
    6      1.772698948812      1.772698948812      3.540029757526
    6     -1.770092290846     -0.002837477322     -1.770092290846
    6     -1.768630224742     -0.001280973404      1.772644858194
    6     -1.753730395436      3.525177266746     -1.753730395436
    6     -1.770082707609      3.541477155104      1.774206853207
    6      1.772644858194     -0.001280973404     -1.768630224742
    6      1.789087613404     -0.017648072512      1.789087613404
    6      1.774206853207      3.541477155104     -1.770082707609
    6      1.772698948812      3.540029757526      1.772698948812
    6     -0.002837477322     -1.770092290846     -1.770092290846
    6     -0.001280973404     -1.768630224742      1.772644858194
    6     -0.001280973404      1.772644858194     -1.768630224742
    6     -0.017648072512      1.789087613404      1.789087613404
    6      3.525177266746     -1.753730395436     -1.753730395436
    6      3.541477155104     -1.770082707609      1.774206853207
    6      3.541477155104      1.774206853207     -1.770082707609
    6      3.540029757526      1.772698948812      1.772698948812
  217    6
