   3   1   1 E -2.4703300187302E+03 DE 1.3E-08( 22)
  0.712545100005E+01  0.207215187435E-01  0.207215187435E-01
  0.207215187435E-01  0.712545100005E+01  0.207215187435E-01
  0.207215187435E-01  0.207215187435E-01  0.712545100005E+01
    6
  0.100000000000E+01  0.000000000000E+00  0.000000000000E+00
  0.000000000000E+00  0.100000000000E+01  0.000000000000E+00
  0.000000000000E+00  0.000000000000E+00  0.100000000000E+01
  0.000000000000E+00  0.000000000000E+00  0.000000000000E+00
  0.000000000000E+00  0.000000000000E+00  0.100000000000E+01
  0.100000000000E+01  0.000000000000E+00  0.000000000000E+00
  0.000000000000E+00  0.100000000000E+01  0.000000000000E+00
  0.000000000000E+00  0.000000000000E+00  0.000000000000E+00
  0.000000000000E+00  0.100000000000E+01  0.000000000000E+00
  0.000000000000E+00  0.000000000000E+00  0.100000000000E+01
  0.100000000000E+01  0.000000000000E+00  0.000000000000E+00
  0.000000000000E+00  0.000000000000E+00  0.000000000000E+00
  0.000000000000E+00  0.000000000000E+00  0.100000000000E+01
  0.000000000000E+00  0.100000000000E+01  0.000000000000E+00
  0.100000000000E+01  0.000000000000E+00  0.000000000000E+00
  0.000000000000E+00  0.000000000000E+00  0.000000000000E+00
  0.000000000000E+00  0.100000000000E+01  0.000000000000E+00
  0.100000000000E+01  0.000000000000E+00  0.000000000000E+00
  0.000000000000E+00  0.000000000000E+00  0.100000000000E+01
  0.000000000000E+00  0.000000000000E+00  0.000000000000E+00
  0.100000000000E+01  0.000000000000E+00  0.000000000000E+00
  0.000000000000E+00  0.000000000000E+00  0.100000000000E+01
  0.000000000000E+00  0.100000000000E+01  0.000000000000E+00
  0.000000000000E+00  0.000000000000E+00  0.000000000000E+00
   64
    7      0.963793617287      0.963793617287      0.963793617287
    6      0.884439188770      0.884439188770     -2.664334681474
    6      0.884439188770     -2.664334681474      0.884439188770
    6      0.872527215306     -2.680798637350     -2.680798637350
    6     -2.664334681474      0.884439188770      0.884439188770
    6     -2.680798637350      0.872527215306     -2.680798637350
    6     -2.680798637350     -2.680798637350      0.872527215306
    6     -2.689607014167     -2.689607014167     -2.689607014167
    6     -0.915733077810     -0.915733077810      0.852891359828
    6     -0.906988691405     -0.906988691405     -2.687940496387
    6     -0.867421123818      2.666111954194      0.895641604766
    6     -0.888874323629      2.656142099001     -2.665283244753
    6      2.666111954194     -0.867421123818      0.895641604766
    6      2.656142099001     -0.888874323629     -2.665283244753
    6      2.695272385783      2.695272385783      0.914500482466
    6      2.673127064268      2.673127064268     -2.649870316369
    6     -0.915733077810      0.852891359828     -0.915733077810
    6     -0.867421123818      0.895641604766      2.666111954194
    6     -0.906988691405     -2.687940496387     -0.906988691405
    6     -0.888874323629     -2.665283244753      2.656142099001
    6      2.666111954194      0.895641604766     -0.867421123818
    6      2.695272385783      0.914500482466      2.695272385783
    6      2.656142099001     -2.665283244753     -0.888874323629
    6      2.673127064268     -2.649870316369      2.673127064268
    6      0.852891359828     -0.915733077810     -0.915733077810
    6      0.895641604766     -0.867421123818      2.666111954194
    6      0.895641604766      2.666111954194     -0.867421123818
    6      0.914500482466      2.695272385783      2.695272385783
    6     -2.687940496387     -0.906988691405     -0.906988691405
    6     -2.665283244753     -0.888874323629      2.656142099001
    6     -2.665283244753      2.656142099001     -0.888874323629
    6     -2.649870316369      2.673127064268      2.673127064268
    7     -0.067927338169     -0.067927338169     -0.067927338169
    6      0.011426376560      0.011426376560      3.560208196128
    6      0.011426376560      3.560208196128      0.011426376560
    6      0.023332979010      3.576659772250      3.576659772250
    6      3.560208196128      0.011426376560      0.011426376560
    6      3.576659772250      0.023332979010      3.576659772250
    6      3.576659772250      3.576659772250      0.023332979010
    6      3.585467459620      3.585467459620      3.585467459620
    6     -1.799415433950     -1.799415433950     -0.018646922915
    6     -1.777266306261     -1.777266306261      3.545731577768
    6     -1.770237724720      1.763291656860      0.000217529969
    6     -1.760278551321      1.784735243988      3.561147565137
    6      1.763291656860     -1.770237724720      0.000217529969
    6      1.784735243988     -1.760278551321      3.561147565137
    6      1.811585315175      1.811585315175      0.042951933893
    6      1.802847599979      1.802847599979      3.583801614965
    6     -1.799415433950     -0.018646922915     -1.799415433950
    6     -1.770237724720      0.000217529969      1.763291656860
    6     -1.777266306261      3.545731577768     -1.777266306261
    6     -1.760278551321      3.561147565137      1.784735243988
    6      1.763291656860      0.000217529969     -1.770237724720
    6      1.811585315175      0.042951933893      1.811585315175
    6      1.784735243988      3.561147565137     -1.760278551321
    6      1.802847599979      3.583801614965      1.802847599979
    6     -0.018646922915     -1.799415433950     -1.799415433950
    6      0.000217529969     -1.770237724720      1.763291656860
    6      0.000217529969      1.763291656860     -1.770237724720
    6      0.042951933893      1.811585315175      1.811585315175
    6      3.545731577768     -1.777266306261     -1.777266306261
    6      3.561147565137     -1.760278551321      1.784735243988
    6      3.561147565137      1.784735243988     -1.760278551321
    6      3.583801614965      1.802847599979      1.802847599979
  166    6
