   3   1   1 E -2.4537404547089E+03 DE-3.5E-07( 12)
  0.710109745517E+01  0.125282975713E-02  0.125282975713E-02
  0.125282975713E-02  0.710109745517E+01  0.125282975713E-02
  0.125282975713E-02  0.125282975713E-02  0.710109745517E+01
    6
  0.100000000000E+01  0.000000000000E+00  0.000000000000E+00
  0.000000000000E+00  0.100000000000E+01  0.000000000000E+00
  0.000000000000E+00  0.000000000000E+00  0.100000000000E+01
  0.000000000000E+00  0.000000000000E+00  0.000000000000E+00
  0.000000000000E+00  0.000000000000E+00  0.100000000000E+01
  0.100000000000E+01  0.000000000000E+00  0.000000000000E+00
  0.000000000000E+00  0.100000000000E+01  0.000000000000E+00
  0.000000000000E+00  0.000000000000E+00  0.000000000000E+00
  0.000000000000E+00  0.100000000000E+01  0.000000000000E+00
  0.000000000000E+00  0.000000000000E+00  0.100000000000E+01
  0.100000000000E+01  0.000000000000E+00  0.000000000000E+00
  0.000000000000E+00  0.000000000000E+00  0.000000000000E+00
  0.000000000000E+00  0.000000000000E+00  0.100000000000E+01
  0.000000000000E+00  0.100000000000E+01  0.000000000000E+00
  0.100000000000E+01  0.000000000000E+00  0.000000000000E+00
  0.000000000000E+00  0.000000000000E+00  0.000000000000E+00
  0.000000000000E+00  0.100000000000E+01  0.000000000000E+00
  0.100000000000E+01  0.000000000000E+00  0.000000000000E+00
  0.000000000000E+00  0.000000000000E+00  0.100000000000E+01
  0.000000000000E+00  0.000000000000E+00  0.000000000000E+00
  0.100000000000E+01  0.000000000000E+00  0.000000000000E+00
  0.000000000000E+00  0.000000000000E+00  0.100000000000E+01
  0.000000000000E+00  0.100000000000E+01  0.000000000000E+00
  0.000000000000E+00  0.000000000000E+00  0.000000000000E+00
   64
    7      0.888440027833      0.888440027833      0.888440027833
    6      0.887269312483      0.887269312483     -2.662586733957
    6      0.887269312483     -2.662586733957      0.887269312483
    6      0.886606701018     -2.663275386841     -2.663275386841
    6     -2.662586733957      0.887269312483      0.887269312483
    6     -2.663275386841      0.886606701018     -2.663275386841
    6     -2.663275386841     -2.663275386841      0.886606701018
    6     -2.663789448186     -2.663789448186     -2.663789448186
    6     -0.885588755974     -0.885588755974      0.889153605121
    6     -0.887836385054     -0.887836385054     -2.663390598248
    6     -0.884903243807      2.660668634181      0.885770336633
    6     -0.887187321129      2.661811719092     -2.662349619250
    6      2.660668634181     -0.884903243807      0.885770336633
    6      2.661811719092     -0.887187321129     -2.662349619250
    6      2.661444957882      2.661444957882      0.890391368584
    6      2.662453142857      2.662453142857     -2.662128426561
    6     -0.885588755974      0.889153605121     -0.885588755974
    6     -0.884903243807      0.885770336633      2.660668634181
    6     -0.887836385054     -2.663390598248     -0.887836385054
    6     -0.887187321129     -2.662349619250      2.661811719092
    6      2.660668634181      0.885770336633     -0.884903243807
    6      2.661444957882      0.890391368584      2.661444957882
    6      2.661811719092     -2.662349619250     -0.887187321129
    6      2.662453142857     -2.662128426561      2.662453142857
    6      0.889153605121     -0.885588755974     -0.885588755974
    6      0.885770336633     -0.884903243807      2.660668634181
    6      0.885770336633      2.660668634181     -0.884903243807
    6      0.890391368584      2.661444957882      2.661444957882
    6     -2.663390598248     -0.887836385054     -0.887836385054
    6     -2.662349619250     -0.887187321129      2.661811719092
    6     -2.662349619250      2.661811719092     -0.887187321129
    6     -2.662128426561      2.662453142857      2.662453142857
    6     -0.028126889414     -0.028126889414     -0.028126889414
    6      0.000430738766      0.000430738766      3.547700347041
    6      0.000430738766      3.547700347041      0.000430738766
    6     -0.000245553446      3.551779742861      3.551779742861
    6      3.547700347041      0.000430738766      0.000430738766
    6      3.551779742861     -0.000245553446      3.551779742861
    6      3.551779742861      3.551779742861     -0.000245553446
    6      3.552161706617      3.552161706617      3.552161706617
    6     -1.776043645690     -1.776043645690     -0.002041792978
    6     -1.775106445689     -1.775106445689      3.550266553258
    6     -1.772023103518      1.775213790240     -0.000182892414
    6     -1.774728151174      1.777096319361      3.551019571237
    6      1.775213790240     -1.772023103518     -0.000182892414
    6      1.777096319361     -1.774728151174      3.551019571237
    6      1.802536647503      1.802536647503     -0.025949668006
    6      1.776428611999      1.776428611999      3.548554110969
    6     -1.776043645690     -0.002041792978     -1.776043645690
    6     -1.772023103518     -0.000182892414      1.775213790240
    6     -1.775106445689      3.550266553258     -1.775106445689
    6     -1.774728151174      3.551019571237      1.777096319361
    6      1.775213790240     -0.000182892414     -1.772023103518
    6      1.802536647503     -0.025949668006      1.802536647503
    6      1.777096319361      3.551019571237     -1.774728151174
    6      1.776428611999      3.548554110969      1.776428611999
    6     -0.002041792978     -1.776043645690     -1.776043645690
    6     -0.000182892414     -1.772023103518      1.775213790240
    6     -0.000182892414      1.775213790240     -1.772023103518
    6     -0.025949668006      1.802536647503      1.802536647503
    6      3.550266553258     -1.775106445689     -1.775106445689
    6      3.551019571237     -1.774728151174      1.777096319361
    6      3.551019571237      1.777096319361     -1.774728151174
    6      3.548554110969      1.776428611999      1.776428611999
  215    6
