   3   1   1 E -2.4537342325563E+03 DE 7.9E-07( 22)
  0.708249942978E+01  0.120201645414E-01  0.120201645414E-01
  0.120201645414E-01  0.708249942978E+01  0.120201645414E-01
  0.120201645414E-01  0.120201645414E-01  0.708249942978E+01
    6
  0.100000000000E+01  0.000000000000E+00  0.000000000000E+00
  0.000000000000E+00  0.100000000000E+01  0.000000000000E+00
  0.000000000000E+00  0.000000000000E+00  0.100000000000E+01
  0.000000000000E+00  0.000000000000E+00  0.000000000000E+00
  0.000000000000E+00  0.000000000000E+00  0.100000000000E+01
  0.100000000000E+01  0.000000000000E+00  0.000000000000E+00
  0.000000000000E+00  0.100000000000E+01  0.000000000000E+00
  0.000000000000E+00  0.000000000000E+00  0.000000000000E+00
  0.000000000000E+00  0.100000000000E+01  0.000000000000E+00
  0.000000000000E+00  0.000000000000E+00  0.100000000000E+01
  0.100000000000E+01  0.000000000000E+00  0.000000000000E+00
  0.000000000000E+00  0.000000000000E+00  0.000000000000E+00
  0.000000000000E+00  0.000000000000E+00  0.100000000000E+01
  0.000000000000E+00  0.100000000000E+01  0.000000000000E+00
  0.100000000000E+01  0.000000000000E+00  0.000000000000E+00
  0.000000000000E+00  0.000000000000E+00  0.000000000000E+00
  0.000000000000E+00  0.100000000000E+01  0.000000000000E+00
  0.100000000000E+01  0.000000000000E+00  0.000000000000E+00
  0.000000000000E+00  0.000000000000E+00  0.100000000000E+01
  0.000000000000E+00  0.000000000000E+00  0.000000000000E+00
  0.100000000000E+01  0.000000000000E+00  0.000000000000E+00
  0.000000000000E+00  0.000000000000E+00  0.100000000000E+01
  0.000000000000E+00  0.100000000000E+01  0.000000000000E+00
  0.000000000000E+00  0.000000000000E+00  0.000000000000E+00
   64
    7      0.888004985722      0.888004985722      0.888004985722
    6      0.881971405578      0.881971405578     -2.653258326964
    6      0.881971405578     -2.653258326964      0.881971405578
    6      0.875962307505     -2.659278515097     -2.659278515097
    6     -2.653258326964      0.881971405578      0.881971405578
    6     -2.659278515097      0.875962307505     -2.659278515097
    6     -2.659278515097     -2.659278515097      0.875962307505
    6     -2.665283934568     -2.665283934568     -2.665283934568
    6     -0.885372406588     -0.885372406588      0.882308726811
    6     -0.891607999384     -0.891607999384     -2.659351150093
    6     -0.879360486635      2.655320622578      0.887633722866
    6     -0.885586782157      2.649523615661     -2.653206136133
    6      2.655320622578     -0.879360486635      0.887633722866
    6      2.649523615661     -0.885586782157     -2.653206136133
    6      2.661345161110      2.661345161110      0.894341320043
    6      2.655545965395      2.655545965395     -2.647301228159
    6     -0.885372406588      0.882308726811     -0.885372406588
    6     -0.879360486635      0.887633722866      2.655320622578
    6     -0.891607999384     -2.659351150093     -0.891607999384
    6     -0.885586782157     -2.653206136133      2.649523615661
    6      2.655320622578      0.887633722866     -0.879360486635
    6      2.661345161110      0.894341320043      2.661345161110
    6      2.649523615661     -2.653206136133     -0.885586782157
    6      2.655545965395     -2.647301228159      2.655545965395
    6      0.882308726811     -0.885372406588     -0.885372406588
    6      0.887633722866     -0.879360486635      2.655320622578
    6      0.887633722866      2.655320622578     -0.879360486635
    6      0.894341320043      2.661345161110      2.661345161110
    6     -2.659351150093     -0.891607999384     -0.891607999384
    6     -2.653206136133     -0.885586782157      2.649523615661
    6     -2.653206136133      2.649523615661     -0.885586782157
    6     -2.647301228159      2.655545965395      2.655545965395
    6     -0.005384264880     -0.005384264880     -0.005384264880
    6      0.006289951285      0.006289951285      3.540938731010
    6      0.006289951285      3.540938731010      0.006289951285
    6      0.011813758664      3.547535753783      3.547535753783
    6      3.540938731010      0.006289951285      0.006289951285
    6      3.547535753783      0.011813758664      3.547535753783
    6      3.547535753783      3.547535753783      0.011813758664
    6      3.553653503129      3.553653503129      3.553653503129
    6     -1.773244292622     -1.773244292622     -0.006222031472
    6     -1.767350401058     -1.767350401058      3.535611007405
    6     -1.766641041155      1.768005609836      0.000284501778
    6     -1.761205425298      1.774498053179      3.541527146912
    6      1.768005609836     -1.766641041155      0.000284501778
    6      1.774498053179     -1.761205425298      3.541527146912
    6      1.779695318909      1.779695318909      0.000654018240
    6      1.780029649433      1.780029649433      3.546965628695
    6     -1.773244292622     -0.006222031472     -1.773244292622
    6     -1.766641041155      0.000284501778      1.768005609836
    6     -1.767350401058      3.535611007405     -1.767350401058
    6     -1.761205425298      3.541527146912      1.774498053179
    6      1.768005609836      0.000284501778     -1.766641041155
    6      1.779695318909      0.000654018240      1.779695318909
    6      1.774498053179      3.541527146912     -1.761205425298
    6      1.780029649433      3.546965628695      1.780029649433
    6     -0.006222031472     -1.773244292622     -1.773244292622
    6      0.000284501778     -1.766641041155      1.768005609836
    6      0.000284501778      1.768005609836     -1.766641041155
    6      0.000654018240      1.779695318909      1.779695318909
    6      3.535611007405     -1.767350401058     -1.767350401058
    6      3.541527146912     -1.761205425298      1.774498053179
    6      3.541527146912      1.774498053179     -1.761205425298
    6      3.546965628695      1.780029649433      1.780029649433
  215    6
