   3   1   1 E -2.4537397723809E+03 DE 4.6E-09( 26)
  0.709587344159E+01 -0.296301275643E-02 -0.296301275643E-02
 -0.296301275643E-02  0.709587344159E+01 -0.296301275643E-02
 -0.296301275643E-02 -0.296301275643E-02  0.709587344159E+01
    6
  0.100000000000E+01  0.000000000000E+00  0.000000000000E+00
  0.000000000000E+00  0.100000000000E+01  0.000000000000E+00
  0.000000000000E+00  0.000000000000E+00  0.100000000000E+01
  0.000000000000E+00  0.000000000000E+00  0.000000000000E+00
  0.000000000000E+00  0.000000000000E+00  0.100000000000E+01
  0.100000000000E+01  0.000000000000E+00  0.000000000000E+00
  0.000000000000E+00  0.100000000000E+01  0.000000000000E+00
  0.000000000000E+00  0.000000000000E+00  0.000000000000E+00
  0.000000000000E+00  0.100000000000E+01  0.000000000000E+00
  0.000000000000E+00  0.000000000000E+00  0.100000000000E+01
  0.100000000000E+01  0.000000000000E+00  0.000000000000E+00
  0.000000000000E+00  0.000000000000E+00  0.000000000000E+00
  0.000000000000E+00  0.000000000000E+00  0.100000000000E+01
  0.000000000000E+00  0.100000000000E+01  0.000000000000E+00
  0.100000000000E+01  0.000000000000E+00  0.000000000000E+00
  0.000000000000E+00  0.000000000000E+00  0.000000000000E+00
  0.000000000000E+00  0.100000000000E+01  0.000000000000E+00
  0.100000000000E+01  0.000000000000E+00  0.000000000000E+00
  0.000000000000E+00  0.000000000000E+00  0.100000000000E+01
  0.000000000000E+00  0.000000000000E+00  0.000000000000E+00
  0.100000000000E+01  0.000000000000E+00  0.000000000000E+00
  0.000000000000E+00  0.000000000000E+00  0.100000000000E+01
  0.000000000000E+00  0.100000000000E+01  0.000000000000E+00
  0.000000000000E+00  0.000000000000E+00  0.000000000000E+00
   64
    7      0.887235887130      0.887235887130      0.887235887130
    6      0.887978828692      0.887978828692     -2.661450260597
    6      0.887978828692     -2.661450260597      0.887978828692
    6      0.889277358673     -2.660210366576     -2.660210366576
    6     -2.661450260597      0.887978828692      0.887978828692
    6     -2.660210366576      0.889277358673     -2.660210366576
    6     -2.660210366576     -2.660210366576      0.889277358673
    6     -2.658711785961     -2.658711785961     -2.658711785961
    6     -0.885288930696     -0.885288930696      0.888846592616
    6     -0.885189132727     -0.885189132727     -2.660515229207
    6     -0.885952757394      2.659082125319      0.884289485038
    6     -0.886464092364      2.662194506215     -2.661544721856
    6      2.659082125319     -0.885952757394      0.884289485038
    6      2.662194506215     -0.886464092364     -2.661544721856
    6      2.657820680988      2.657820680988      0.887270440866
    6      2.660769253248      2.660769253248     -2.662802566457
    6     -0.885288930696      0.888846592616     -0.885288930696
    6     -0.885952757394      0.884289485038      2.659082125319
    6     -0.885189132727     -2.660515229207     -0.885189132727
    6     -0.886464092364     -2.661544721856      2.662194506215
    6      2.659082125319      0.884289485038     -0.885952757394
    6      2.657820680988      0.887270440866      2.657820680988
    6      2.662194506215     -2.661544721856     -0.886464092364
    6      2.660769253248     -2.662802566457      2.660769253248
    6      0.888846592616     -0.885288930696     -0.885288930696
    6      0.884289485038     -0.885952757394      2.659082125319
    6      0.884289485038      2.659082125319     -0.885952757394
    6      0.887270440866      2.657820680988      2.657820680988
    6     -2.660515229207     -0.885189132727     -0.885189132727
    6     -2.661544721856     -0.886464092364      2.662194506215
    6     -2.661544721856      2.662194506215     -0.886464092364
    6     -2.662802566457      2.660769253248      2.660769253248
    6     -0.020906986758     -0.020906986758     -0.020906986758
    6     -0.001875208370     -0.001875208370      3.545324107276
    6     -0.001875208370      3.545324107276     -0.001875208370
    6     -0.004668721553      3.545826155346      3.545826155346
    6      3.545324107276     -0.001875208370     -0.001875208370
    6      3.545826155346     -0.004668721553      3.545826155346
    6      3.545826155346      3.545826155346     -0.004668721553
    6      3.545099865713      3.545099865713      3.545099865713
    6     -1.773288175591     -1.773288175591     -0.000394013304
    6     -1.775226246570     -1.775226246570      3.549287656375
    6     -1.772305637000      1.774655550633     -0.000370328249
    6     -1.775658319427      1.774769455998      3.547106266712
    6      1.774655550633     -1.772305637000     -0.000370328249
    6      1.774769455998     -1.775658319427      3.547106266712
    6      1.792614726976      1.792614726976     -0.018969337174
    6      1.772084560230      1.772084560230      3.544231299530
    6     -1.773288175591     -0.000394013304     -1.773288175591
    6     -1.772305637000     -0.000370328249      1.774655550633
    6     -1.775226246570      3.549287656375     -1.775226246570
    6     -1.775658319427      3.547106266712      1.774769455998
    6      1.774655550633     -0.000370328249     -1.772305637000
    6      1.792614726976     -0.018969337174      1.792614726976
    6      1.774769455998      3.547106266712     -1.775658319427
    6      1.772084560230      3.544231299530      1.772084560230
    6     -0.000394013304     -1.773288175591     -1.773288175591
    6     -0.000370328249     -1.772305637000      1.774655550633
    6     -0.000370328249      1.774655550633     -1.772305637000
    6     -0.018969337174      1.792614726976      1.792614726976
    6      3.549287656375     -1.775226246570     -1.775226246570
    6      3.547106266712     -1.775658319427      1.774769455998
    6      3.547106266712      1.774769455998     -1.775658319427
    6      3.544231299530      1.772084560230      1.772084560230
  215    6
