   3   1   1 E -2.4701736925359E+03 DE 3.8E-08( 59)
  0.709273147847E+01  0.000000000000E+00  0.000000000000E+00
  0.000000000000E+00  0.708293482526E+01  0.537719212402E-02
  0.000000000000E+00  0.537719212402E-02  0.708293482526E+01
    4
  0.100000000000E+01  0.000000000000E+00  0.000000000000E+00
  0.000000000000E+00  0.100000000000E+01  0.000000000000E+00
  0.000000000000E+00  0.000000000000E+00  0.100000000000E+01
  0.000000000000E+00  0.000000000000E+00  0.000000000000E+00
  0.100000000000E+01  0.000000000000E+00  0.000000000000E+00
  0.000000000000E+00 -0.100000000000E+01  0.000000000000E+00
  0.000000000000E+00  0.000000000000E+00 -0.100000000000E+01
  0.000000000000E+00  0.000000000000E+00  0.000000000000E+00
  0.100000000000E+01  0.000000000000E+00  0.000000000000E+00
  0.000000000000E+00  0.000000000000E+00  0.100000000000E+01
  0.000000000000E+00  0.100000000000E+01  0.000000000000E+00
  0.000000000000E+00  0.000000000000E+00  0.000000000000E+00
  0.100000000000E+01  0.000000000000E+00  0.000000000000E+00
  0.000000000000E+00  0.000000000000E+00 -0.100000000000E+01
  0.000000000000E+00 -0.100000000000E+01  0.000000000000E+00
  0.000000000000E+00  0.000000000000E+00  0.000000000000E+00
   64
    7      0.887332722385      0.880487361335      0.880487361335
    6      0.884516720085      0.880508946294     -2.652971338097
    6      0.884516720085     -2.652971338097      0.880508946294
    6      0.887344284349     -2.656753273679     -2.656753273679
    6     -2.659619837231      0.886199361610      0.886199361610
    6     -2.660054018545      0.882385518379     -2.655229604319
    6     -2.660054018545     -2.655229604319      0.882385518379
    6     -2.659346988260     -2.657937155918     -2.657937155918
    6     -0.887194022947     -0.883785578097      0.883785578097
    6     -0.884442910661     -0.885902890691     -2.655320187176
    6     -0.884442910661      2.655320187176      0.885902890691
    6     -0.886026710308      2.652849260684     -2.652849260684
    6      2.657858263032     -0.880291058019      0.880291058019
    6      2.659184297473     -0.888266637575     -2.655580651655
    6      2.659184297473      2.655580651655      0.888266637575
    6      2.659202646865      2.653416270107     -2.653416270107
    6     -0.887194022947      0.883785578097     -0.883785578097
    6     -0.884442910661      0.885902890691      2.655320187176
    6     -0.884442910661     -2.655320187176     -0.885902890691
    6     -0.886026710308     -2.652849260684      2.652849260684
    6      2.657858263032      0.880291058019     -0.880291058019
    6      2.659184297473      0.888266637575      2.655580651655
    6      2.659184297473     -2.655580651655     -0.888266637575
    6      2.659202646865     -2.653416270107      2.653416270107
    7      0.887332722385     -0.880487361335     -0.880487361335
    6      0.884516720085     -0.880508946294      2.652971338097
    6      0.884516720085      2.652971338097     -0.880508946294
    6      0.887344284349      2.656753273679      2.656753273679
    6     -2.659619837231     -0.886199361610     -0.886199361610
    6     -2.660054018545     -0.882385518379      2.655229604319
    6     -2.660054018545      2.655229604319     -0.882385518379
    6     -2.659346988260      2.657937155918      2.657937155918
    6     -0.050068551333      0.000000000000      0.000000000000
    6      0.000556530712      0.002688596062      3.541467412631
    6      0.000556530712      3.541467412631      0.002688596062
    6     -0.002955553715      3.544156008693      3.544156008693
    6      3.541978821519      0.000000000000      0.000000000000
    6      3.546142848496      0.002688596062      3.541467412631
    6      3.546142848496      3.541467412631      0.002688596062
    6      3.547009067527      3.544156008693      3.544156008693
    6     -1.771031493777     -1.770458400512     -0.002816304971
    6     -1.772521888045     -1.769218124934      3.540613564356
    6     -1.771031493777      1.770458400512      0.002816304971
    6     -1.772521888045      1.774595317058      3.542321260905
    6      1.794002197128     -1.785067043090      0.014451837580
    6      1.774904729450     -1.766762778567      3.541022806018
    6      1.794002197128      1.785067043090     -0.014451837580
    6      1.774904729450      1.772139970691      3.541912019243
    6     -1.771031493777     -0.002816304971     -1.770458400512
    6     -1.771031493777      0.002816304971      1.770458400512
    6     -1.772521888045      3.540613564356     -1.769218124934
    6     -1.772521888045      3.542321260905      1.774595317058
    6      1.794002197128      0.014451837580     -1.785067043090
    6      1.794002197128     -0.014451837580      1.785067043090
    6      1.774904729450      3.541022806018     -1.766762778567
    6      1.774904729450      3.541912019243      1.772139970691
    6     -0.017821350611     -1.790979829333     -1.790979829333
    6     -0.001261312356     -1.765761529259      1.765761529259
    6     -0.001261312356      1.765761529259     -1.765761529259
    6     -0.017821350611      1.790979829333      1.790979829333
    6      3.545810068760     -1.772398718992     -1.772398718992
    6      3.545388655845     -1.769903133504      1.769903133504
    6      3.545388655845      1.769903133504     -1.769903133504
    6      3.545810068760      1.772398718992      1.772398718992
   35    4
