   3   1   1 E -2.4701535948901E+03 DE-2.3E-07( 24)
  0.714496029968E+01  0.000000000000E+00  0.000000000000E+00
  0.000000000000E+00  0.714496029968E+01  0.000000000000E+00
  0.000000000000E+00  0.000000000000E+00  0.714496029968E+01
    4
  0.100000000000E+01  0.000000000000E+00  0.000000000000E+00
  0.000000000000E+00  0.100000000000E+01  0.000000000000E+00
  0.000000000000E+00  0.000000000000E+00  0.100000000000E+01
  0.000000000000E+00  0.000000000000E+00  0.000000000000E+00
  0.100000000000E+01  0.000000000000E+00  0.000000000000E+00
  0.000000000000E+00 -0.100000000000E+01  0.000000000000E+00
  0.000000000000E+00  0.000000000000E+00 -0.100000000000E+01
  0.000000000000E+00  0.000000000000E+00  0.000000000000E+00
  0.100000000000E+01  0.000000000000E+00  0.000000000000E+00
  0.000000000000E+00  0.000000000000E+00  0.100000000000E+01
  0.000000000000E+00  0.100000000000E+01  0.000000000000E+00
  0.000000000000E+00  0.000000000000E+00  0.000000000000E+00
  0.100000000000E+01  0.000000000000E+00  0.000000000000E+00
  0.000000000000E+00  0.000000000000E+00 -0.100000000000E+01
  0.000000000000E+00 -0.100000000000E+01  0.000000000000E+00
  0.000000000000E+00  0.000000000000E+00  0.000000000000E+00
   64
    7      0.893120037459      0.893120037459      0.893120037459
    6      0.893120037459      0.893120037459     -2.679360112381
    6      0.893120037459     -2.679360112381      0.893120037459
    6      0.893120037459     -2.679360112381     -2.679360112381
    6     -2.679360112381      0.893120037459      0.893120037459
    6     -2.679360112381      0.893120037459     -2.679360112381
    6     -2.679360112381     -2.679360112381      0.893120037459
    6     -2.679360112381     -2.679360112381     -2.679360112381
    6     -0.893120037459     -0.893120037459      0.893120037459
    6     -0.893120037459     -0.893120037459     -2.679360112381
    6     -0.893120037459      2.679360112381      0.893120037459
    6     -0.893120037459      2.679360112381     -2.679360112381
    6      2.679360112381     -0.893120037459      0.893120037459
    6      2.679360112381     -0.893120037459     -2.679360112381
    6      2.679360112381      2.679360112381      0.893120037459
    6      2.679360112381      2.679360112381     -2.679360112381
    6     -0.893120037459      0.893120037459     -0.893120037459
    6     -0.893120037459      0.893120037459      2.679360112381
    6     -0.893120037459     -2.679360112381     -0.893120037459
    6     -0.893120037459     -2.679360112381      2.679360112381
    6      2.679360112381      0.893120037459     -0.893120037459
    6      2.679360112381      0.893120037459      2.679360112381
    6      2.679360112381     -2.679360112381     -0.893120037459
    6      2.679360112381     -2.679360112381      2.679360112381
    7      0.893120037459     -0.893120037459     -0.893120037459
    6      0.893120037459     -0.893120037459      2.679360112381
    6      0.893120037459      2.679360112381     -0.893120037459
    6      0.893120037459      2.679360112381      2.679360112381
    6     -2.679360112381     -0.893120037459     -0.893120037459
    6     -2.679360112381     -0.893120037459      2.679360112381
    6     -2.679360112381      2.679360112381     -0.893120037459
    6     -2.679360112381      2.679360112381      2.679360112381
    6      0.000000000000      0.000000000000      0.000000000000
    6      0.000000000000      0.000000000000      3.572480149840
    6      0.000000000000      3.572480149840      0.000000000000
    6      0.000000000000      3.572480149840      3.572480149840
    6      3.572480149840      0.000000000000      0.000000000000
    6      3.572480149840      0.000000000000      3.572480149840
    6      3.572480149840      3.572480149840      0.000000000000
    6      3.572480149840      3.572480149840      3.572480149840
    6     -1.786240074920     -1.786240074920      0.000000000000
    6     -1.786240074920     -1.786240074920      3.572480149840
    6     -1.786240074920      1.786240074920      0.000000000000
    6     -1.786240074920      1.786240074920      3.572480149840
    6      1.786240074920     -1.786240074920      0.000000000000
    6      1.786240074920     -1.786240074920      3.572480149840
    6      1.786240074920      1.786240074920      0.000000000000
    6      1.786240074920      1.786240074920      3.572480149840
    6     -1.786240074920      0.000000000000     -1.786240074920
    6     -1.786240074920      0.000000000000      1.786240074920
    6     -1.786240074920      3.572480149840     -1.786240074920
    6     -1.786240074920      3.572480149840      1.786240074920
    6      1.786240074920      0.000000000000     -1.786240074920
    6      1.786240074920      0.000000000000      1.786240074920
    6      1.786240074920      3.572480149840     -1.786240074920
    6      1.786240074920      3.572480149840      1.786240074920
    6      0.000000000000     -1.786240074920     -1.786240074920
    6      0.000000000000     -1.786240074920      1.786240074920
    6      0.000000000000      1.786240074920     -1.786240074920
    6      0.000000000000      1.786240074920      1.786240074920
    6      3.572480149840     -1.786240074920     -1.786240074920
    6      3.572480149840     -1.786240074920      1.786240074920
    6      3.572480149840      1.786240074920     -1.786240074920
    6      3.572480149840      1.786240074920      1.786240074920
   35    4
